120.6458 23.01967  > line between sheshan and central 2.
120.6468 23.02333
120.6477 23.02983
120.6483 23.03617
120.6492 23.0425
120.65 23.04883
120.651 23.05433
120.6523 23.059
120.6552 23.064
120.6578 23.06833
120.6605 23.0735
120.662 23.08033
120.6643 23.0875
120.668 23.09583
120.6727 23.104
120.6773 23.11067
120.6822 23.1155
120.6882 23.11917
120.6942 23.1215
120.6995 23.12317
120.704 23.12417
120.7088 23.125
120.7147 23.12583
120.7208 23.12767
120.7263 23.12967
120.7303 23.132
120.734 23.13367
120.7382 23.136
120.7438 23.13917
120.749 23.14317
120.7535 23.147
120.7565 23.151
120.759 23.15433
120.7612 23.158
120.7627 23.162
120.7638 23.16583
120.7655 23.16967
120.7673 23.17433
120.7685 23.18033
120.7692 23.1865
120.771 23.193
120.7733 23.20017
120.7757 23.2065
120.7775 23.2105
120.7798 23.215
120.7828 23.219
120.7853 23.22267
120.7885 23.22533
120.7923 23.22783
120.7972 23.23133
120.8017 23.23533
120.804 23.239
120.8055 23.24283
120.807 23.24667
120.8083 23.25
120.81 23.254
120.8115 23.258
120.8125 23.262
120.8137 23.266
120.8148 23.26983
120.8157 23.2735
120.8167 23.27817
120.8168 23.283
120.8162 23.288
120.8153 23.29267
120.8148 23.298
120.8143 23.3035
120.8133 23.30833
120.812 23.313
120.8115 23.31717
120.8113 23.321
120.8113 23.32483
120.8115 23.329
120.812 23.33417
120.8132 23.33867
120.8143 23.34367
120.8162 23.34883
120.8172 23.353
120.8178 23.35733
120.8185 23.36233
120.82 23.36817
120.8218 23.37417
120.8243 23.38033
120.8272 23.386
120.829 23.39083
120.8308 23.39517
120.8328 23.3985
120.8352 23.4015
120.838 23.40367
120.8408 23.40583
120.8433 23.40867
120.8457 23.41183
120.848 23.41433
120.8505 23.41667
120.8537 23.4185
120.8578 23.42
120.8613 23.4215
120.8628 23.42083
120.8625 23.41817
120.8613 23.41033
120.86 23.40233
120.8588 23.3945
120.8578 23.38883
120.8572 23.384
120.8572 23.37817
120.8563 23.37317
120.8552 23.36817
120.8537 23.36333
120.8523 23.35817
120.8513 23.35333
120.8505 23.34767
120.8495 23.34133
120.8482 23.33533
120.8477 23.332
120.848 23.32933
120.8495 23.32667
120.8513 23.323
120.853 23.31867
120.8543 23.31383
120.8553 23.30883
120.8565 23.30433
120.8588 23.301
120.8613 23.29767
120.8653 23.29667
120.869 23.29883
120.8725 23.30267
120.8742 23.306
120.8767 23.30917
120.8798 23.31267
120.8838 23.31617
120.8885 23.31917
120.8928 23.32217
120.8965 23.325
120.8998 23.32867
120.9037 23.33283
120.9067 23.33767
120.909 23.34383
120.9107 23.35017
120.913 23.35483
120.9153 23.35933
120.918 23.36333
120.9207 23.3675
120.9237 23.37067
120.9263 23.37383
120.9292 23.37717
120.932 23.38017
120.9343 23.3835
120.937 23.38717
120.94 23.3905
120.9425 23.39433
120.9448 23.39917
120.9475 23.405
120.9505 23.41167
120.9532 23.41883
120.9555 23.4255
120.9577 23.432
120.9593 23.43817
120.9602 23.44217
120.9613 23.4475
120.963 23.45483
120.9648 23.46217
120.9672 23.46917
120.9695 23.47617
120.9715 23.4835
120.9745 23.4905
120.9768 23.4985
120.978 23.50567
120.9802 23.51133
120.9828 23.516
120.9847 23.52067
120.9858 23.5255
120.9872 23.531
120.9888 23.53717
120.9905 23.54367
120.9915 23.55
120.991 23.55733
120.991 23.56517
120.9912 23.57383
120.9915 23.5815
120.9915 23.58667
120.9915 23.59267
120.9915 23.60067
120.9915 23.60917
120.9922 23.61517
120.9923 23.61983
120.9928 23.62667
120.9928 23.64
120.9928 23.64883
120.9928 23.652
120.9928 23.65583
120.9928 23.66
120.9928 23.665
120.9928 23.671
120.9928 23.6765
120.9928 23.6815
120.9928 23.6865
120.9928 23.69133
120.9928 23.69733
120.9928 23.70183
120.9928 23.7065
120.9928 23.71217
120.9928 23.71667
120.9928 23.72017
120.9928 23.724
120.9928 23.72833
120.9928 23.735
120.9928 23.73983
120.9928 23.743
120.9933 23.74583
120.994 23.74933
120.9945 23.7525
120.9952 23.7565
120.9952 23.761
120.996 23.76517
120.998 23.76983
120.999 23.77367
120.9998 23.77717
121.0007 23.78183
121.0013 23.78817
121.0022 23.79267
121.003 23.798
121.0045 23.80467
121.0057 23.81167
121.0072 23.817
121.0083 23.82083
121.0098 23.8265
121.0118 23.83067
121.0133 23.83633
121.0157 23.841
121.0187 23.8455
121.0198 23.8505
121.0213 23.85567
121.0222 23.86067
121.0233 23.86583
121.0248 23.87183
121.0265 23.87717
121.0283 23.8825
121.03 23.88767
121.0318 23.89417
121.0347 23.90317
121.0397 23.918
121.0457 23.934
121.0527 23.94967
121.059 23.96433
121.0637 23.976
121.0688 23.98917
121.0745 23.9995
121.08 24.00783
121.0845 24.0135
121.0898 24.0195
121.095 24.027
121.1002 24.0345
121.1048 24.04383
121.1083 24.05383
121.1115 24.06683
121.114 24.08133
121.116 24.094
121.1188 24.10567
121.1253 24.11583
121.1325 24.128
121.1392 24.14033
121.146 24.15517
121.1542 24.17267
121.161 24.19
121.1672 24.204
121.1713 24.21383
121.1757 24.22167
121.1788 24.2275
121.1823 24.2325
121.189 24.23733
121.1957 24.24283
121.2007 24.24817
121.2032 24.25117
121.2073 24.2565
121.2123 24.2635
121.2175 24.2695
121.222 24.27533
121.2273 24.28167
121.231 24.287
121.2345 24.29117
121.238 24.29533
121.2417 24.29967
121.2452 24.30333
121.2492 24.30667
121.2532 24.3115
121.2563 24.316
121.259 24.32183
121.2622 24.32767
121.2658 24.33283
121.269 24.33733
121.2732 24.34217
121.2775 24.34667
121.2807 24.35083
121.2842 24.3555
121.2895 24.36133
121.2958 24.367
121.3008 24.37333
121.306 24.38033
121.3103 24.3875
121.3143 24.39417
121.3163 24.39933
121.3157 24.40517
121.3128 24.40933
121.3097 24.411
121.3078 24.41317
121.3067 24.41567
121.3055 24.41817
121.3053 24.42017
121.3062 24.42367
121.3078 24.4265
121.3105 24.4305
121.3153 24.43633
121.3203 24.44367
121.3248 24.44933
121.3303 24.45367
121.3347 24.45767
121.3363 24.45717
121.3375 24.45317
121.3405 24.44983
121.3437 24.449
121.3468 24.45067
121.3485 24.4535
121.3503 24.45817
121.3543 24.46583
121.3593 24.47433
121.3635 24.48117
121.3682 24.4885
121.3737 24.4955
121.3775 24.50133
121.3812 24.505
121.3855 24.50833
121.3913 24.51267
121.3972 24.51783
121.4 24.52317
121.4033 24.529
121.4055 24.53583
121.406 24.54117
121.4075 24.54483
121.4098 24.549
121.4123 24.55517
121.4138 24.562
121.4158 24.56883
121.4185 24.57333
121.4227 24.57667
121.4283 24.57917
121.4345 24.5805
121.4427 24.58283
121.4517 24.58733
121.4625 24.59183
121.4727 24.59583
121.483 24.59867
121.4928 24.60183
121.5018 24.6055
121.5118 24.61117
121.5215 24.61567
121.533 24.62117
121.5437 24.62533
121.553 24.6295
121.5587 24.634
121.5628 24.6375
121.5697 24.64017
121.579 24.64167
121.588 24.644
121.5908 24.647
121.5873 24.64967
121.5818 24.65067
121.5793 24.65283
121.5775 24.6565
121.5772 24.6605
121.5805 24.66283
121.5877 24.665
121.5955 24.667
121.6015 24.6695
121.6077 24.6715
121.6152 24.67583
121.6235 24.68017
121.6317 24.6845
121.6368 24.68817
121.642 24.69233
121.6467 24.69667
121.6513 24.70033
121.6558 24.7035
121.6602 24.70667
121.664 24.71067
121.6678 24.71483
121.6713 24.71883
121.6742 24.723
121.6772 24.728
121.6798 24.73333
121.681 24.73883
121.68 24.743
121.6783 24.74617
121.677 24.74833
121.6752 24.75017
121.6728 24.75117
121.6717 24.7525
121.6712 24.75467
121.6705 24.75733
121.67 24.76
121.6717 24.76283
121.6767 24.76467
121.6835 24.76517
121.6908 24.7655
121.6975 24.76767
121.7012 24.772
121.7012 24.77717
121.6998 24.78
121.6968 24.78233
121.6933 24.78483
121.6917 24.78783
121.694 24.79
121.7003 24.79083
121.7067 24.7895
121.7125 24.79
121.716 24.79367
121.7183 24.79767
121.7228 24.79933
121.7283 24.80033
121.733 24.8025
121.736 24.80667
121.7385 24.8125
121.7415 24.81933
121.7448 24.82567
121.7492 24.83033
121.7547 24.83467
121.762 24.83867
121.7692 24.84233
121.775 24.84567
121.7802 24.84917
121.7848 24.85183
121.7903 24.85367
121.795 24.85517
121.799 24.8565
121.8033 24.85783
121.8088 24.8595
121.8155 24.86083
121.8215 24.86167
121.8252 24.86167
120.6495 23.016  > central ridge 1.
120.6518 23.0135
120.6525 23.00917
120.6525 23.00483
120.652 23
120.651 22.995
120.6502 22.98883
120.6492 22.981
120.6483 22.97283
120.6477 22.96567
120.6467 22.9575
120.6462 22.9495
120.646 22.941
120.6455 22.9305
120.6447 22.91767
120.6435 22.907
120.6428 22.90233
120.6418 22.8975
120.6402 22.892
120.6385 22.88583
120.6373 22.8805
120.6365 22.87567
120.6353 22.87083
120.6343 22.866
120.6332 22.86067
120.6318 22.8555
120.6307 22.85067
120.63 22.84533
120.6288 22.84067
120.6277 22.836
120.6263 22.83017
120.625 22.8215
120.6242 22.81217
120.624 22.80517
120.6245 22.79983
120.6257 22.797
120.6275 22.795
120.6302 22.79417
120.6328 22.79317
120.6353 22.79167
120.6385 22.78767
120.6412 22.78383
120.6405 22.78083
120.6373 22.779
120.6318 22.77667
120.628 22.77317
120.6263 22.76817
120.6258 22.764
120.6248 22.76
120.624 22.75617
120.624 22.751
120.624 22.74583
120.6242 22.741
120.6247 22.73617
120.6258 22.73217
120.628 22.72917
120.6313 22.72817
120.6352 22.72733
120.6382 22.72533
120.6407 22.72383
120.6427 22.723
120.6443 22.72217
120.6455 22.72067
120.646 22.719
120.646 22.71717
120.646 22.71583
120.6453 22.71483
120.6432 22.71383
120.6385 22.71267
120.6333 22.711
120.6282 22.70917
120.6247 22.707
120.6223 22.70533
120.621 22.7035
120.62 22.7015
120.6192 22.699
120.6187 22.69517
120.618 22.691
120.6175 22.68567
120.617 22.68083
120.6168 22.67683
120.6163 22.6745
120.6155 22.67067
120.615 22.66583
120.6148 22.66
120.6148 22.654
120.6148 22.64833
120.615 22.64383
120.6155 22.6405
120.6165 22.63817
120.6187 22.63583
120.6222 22.63417
120.6257 22.6325
120.628 22.6305
120.6283 22.628
120.6275 22.62533
120.625 22.62417
120.6217 22.62367
120.6193 22.62233
120.6185 22.61967
120.6182 22.615
120.6182 22.611
120.6188 22.60867
120.6203 22.60783
120.6223 22.60617
120.624 22.602
120.6257 22.59867
120.6268 22.597
120.628 22.596
120.629 22.59483
120.6295 22.59317
120.6303 22.59133
120.6312 22.58883
120.6318 22.587
120.6333 22.58633
120.6363 22.58517
120.6385 22.58317
120.6378 22.58183
120.6337 22.58117
120.6277 22.582
120.6223 22.58267
120.621 22.58117
120.621 22.57683
120.6222 22.57267
120.623 22.56767
120.6233 22.5625
120.6218 22.55767
120.6207 22.55267
120.6205 22.54783
120.6217 22.54483
120.6238 22.54333
120.6268 22.54167
120.6305 22.5395
120.6343 22.53767
120.637 22.53533
120.6383 22.532
120.6385 22.52883
120.637 22.5265
120.6343 22.52433
120.6313 22.52133
120.6272 22.51783
120.6238 22.51333
120.6212 22.5095
120.6192 22.50633
120.617 22.50233
120.6147 22.49817
120.6133 22.49333
120.6122 22.48783
120.6113 22.4835
120.6102 22.47867
120.609 22.47267
120.6088 22.467
120.6092 22.46217
120.6112 22.45833
120.6137 22.45417
120.6165 22.4505
120.6167 22.44733
120.613 22.44583
120.6082 22.447
120.604 22.449
120.6017 22.4495
120.5995 22.447
120.5992 22.44317
120.6005 22.44
120.603 22.438
120.6058 22.43683
120.6088 22.4355
120.6118 22.43267
120.6142 22.42717
120.6155 22.42117
120.616 22.41617
120.6153 22.4125
120.6127 22.4095
120.6103 22.407
120.609 22.40317
120.6078 22.39883
120.607 22.39333
120.607 22.387
120.6072 22.381
120.6078 22.37817
120.609 22.37633
120.6102 22.37467
120.6118 22.373
120.616 22.37117
120.6222 22.36917
120.6267 22.3665
120.6267 22.36333
120.6263 22.36033
120.627 22.35733
120.629 22.3545
120.6317 22.35083
120.635 22.34683
120.6383 22.34283
120.6415 22.33883
120.6447 22.335
120.6482 22.33067
120.6513 22.32717
120.654 22.324
120.6555 22.32083
120.6573 22.31767
120.6595 22.31433
120.6625 22.31117
120.665 22.308
120.6668 22.30417
120.6685 22.3
120.6702 22.29583
120.6715 22.29233
120.6725 22.28917
120.6733 22.28533
120.6743 22.28117
120.6752 22.27717
120.6763 22.27417
120.6773 22.27183
120.6787 22.27
120.6805 22.26817
120.6828 22.2655
120.6852 22.26267
120.6877 22.25983
120.6897 22.2575
120.6918 22.2555
120.6945 22.25317
120.697 22.251
120.699 22.2485
120.7017 22.24567
120.7042 22.24317
120.7073 22.2415
120.7108 22.24017
120.7137 22.23783
120.7162 22.2355
120.719 22.23367
120.7198 22.23283
120.718 22.23233
120.7145 22.23117
120.7103 22.22967
120.7043 22.229
120.6975 22.22933
120.6917 22.23033
120.687 22.2305
120.681 22.23067
120.6762 22.23067
120.6727 22.23183
120.6705 22.23433
120.668 22.23783
120.6655 22.242
120.6637 22.24617
120.662 22.249
120.6602 22.251
120.6582 22.2525
120.656 22.254
120.6538 22.25583
120.6517 22.25717
120.6493 22.25883
120.6468 22.26317
120.6435 22.27017
120.6417 22.27817
120.6395 22.28933
120.6373 22.29833
120.6357 22.30217
120.6345 22.3055
120.6332 22.31117
120.6317 22.31733
120.6298 22.32217
120.6273 22.32617
120.6252 22.331
120.6227 22.33483
120.6192 22.33783
120.6153 22.3395
120.6142 22.34183
120.6135 22.34517
120.6138 22.3485
120.6155 22.35167
120.6183 22.35433
120.6207 22.3565
120.6228 22.35783
120.6243 22.3585
120.7213 22.23183 > pingtung ridge
120.7237 22.23167
120.7288 22.23083
120.7338 22.22833
120.7367 22.22383
120.7363 22.21933
120.7323 22.21667
120.723 22.21567
120.7107 22.21467
120.7 22.21317
120.6928 22.21167
120.6877 22.20883
120.684 22.205
120.6825 22.2
120.6823 22.19333
120.6838 22.18867
120.6853 22.18567
120.6863 22.1825
120.6875 22.1785
120.6883 22.17517
120.6895 22.1715
120.6905 22.16717
120.6917 22.163
120.6933 22.15817
120.6948 22.15317
120.6965 22.1485
120.698 22.144
120.7 22.13933
120.7018 22.13483
120.7035 22.13083
120.7053 22.12667
120.7067 22.1235
120.7077 22.12067
120.7092 22.11767
120.7112 22.11233
120.7125 22.10567
120.7138 22.09767
120.7157 22.089
120.7175 22.08117
120.7192 22.075
120.7208 22.06983
120.7222 22.06617
120.7235 22.06333
120.7258 22.06133
120.7297 22.06017
120.7342 22.05967
120.7383 22.0585
120.7403 22.05533
120.7407 22.05067
120.7405 22.04583
120.7407 22.04167
120.7417 22.03767
120.7427 22.034
120.743 22.03033
120.744 22.02683
120.7463 22.024
120.7488 22.02033
120.7502 22.0155
120.7508 22.00983
120.7525 22.006
120.7545 22.003
120.7565 21.99967
120.7583 21.995
120.76 21.98933
120.762 21.98433
120.7633 21.98
120.7635 21.97683
120.7617 21.97467
120.7577 21.97333
120.7532 21.97233
120.7492 21.97167
120.7435 21.97183
120.7373 21.97417
120.7345 21.97933
120.7328 21.98533
120.7318 21.99067
120.7303 21.9955
120.7283 22.0005
120.7263 22.005
120.7237 22.00867
120.72 22.01167
120.7165 22.01417
120.7135 22.01767
120.7122 22.02283
120.7115 22.02833
120.7112 22.034
120.711 22.04
120.7098 22.045
120.7072 22.04783
120.7033 22.049
120.6987 22.04817
120.6953 22.04633
120.6928 22.04417
120.6908 22.04133
120.689 22.0385
120.687 22.03533
120.6855 22.03183
120.685 22.02767
120.6858 22.02383
120.6875 22.02033
120.689 22.01683
120.6907 22.01333
120.6925 22.00967
120.6945 22.006
120.6972 22.0025
120.6995 21.999
120.7017 21.99583
120.7037 21.993
120.7053 21.9895
120.707 21.98617
120.7083 21.9825
120.7093 21.97883
120.71 21.975
120.7102 21.97033
120.709 21.96533
120.708 21.9605
120.7075 21.9555
120.708 21.95017
120.7088 21.94567
120.7098 21.94167
120.7118 21.93783
120.7138 21.93433
120.7152 21.931
120.717 21.92767
120.7198 21.92433
120.7237 21.9235
120.7275 21.92583
120.7295 21.92933
120.7312 21.93317
120.7328 21.93817
120.7343 21.94367
120.7362 21.94867
120.7387 21.95333
120.7422 21.95767
120.7467 21.96067
120.7542 21.96217
120.7613 21.96183
120.7657 21.959
120.769 21.9555
120.7732 21.95267
120.779 21.95017
120.7853 21.94817
120.7917 21.94617
120.799 21.94417
120.8045 21.9425
120.8097 21.94117
120.8145 21.93967
120.818 21.93767
120.8208 21.935
120.8237 21.932
120.8262 21.9285
120.828 21.92517
120.831 21.92267
120.8353 21.92
120.8393 21.91717
120.8432 21.91417
120.8467 21.913
120.8488 21.91533
120.848 21.92033
120.8453 21.92517
120.842 21.92933
120.839 21.9335
120.8363 21.938
120.8342 21.943
120.8322 21.94767
120.8303 21.9525
120.8292 21.95833
120.8297 21.96417
120.8312 21.9695
120.8325 21.97417
120.8328 21.979
120.8325 21.98383
120.8322 21.98833
120.8347 21.99167
120.8403 21.994
120.8462 21.99633
120.8513 21.99917
120.8555 22.00217
120.8588 22.00517
120.8617 22.00883
120.8643 22.01317
120.8672 22.01683
120.87 22.02033
120.8722 22.02417
120.8738 22.02833
120.8765 22.03283
120.8793 22.03733
120.8805 22.04183
120.8803 22.04767
120.8795 22.05417
120.8785 22.06183
120.8778 22.06867
120.8773 22.0755
120.877 22.08133
120.8772 22.08783
120.8778 22.09367
120.879 22.09833
120.8797 22.1035
120.8788 22.108
120.8767 22.11233
120.8745 22.11667
120.8732 22.12
120.8727 22.12383
120.8722 22.13017
120.8733 22.13683
120.876 22.143
120.879 22.15067
120.8807 22.1585
120.8808 22.166
120.8802 22.17333
120.8793 22.18
120.8785 22.18633
120.8778 22.19233
120.8775 22.19683
120.8783 22.20117
120.8802 22.20667
120.8817 22.21167
120.8825 22.21567
120.8828 22.217
120.7792 22.14967 >
120.783 22.15033
120.787 22.15133
120.791 22.15233
120.7948 22.15333
120.7988 22.15433
120.804 22.15583
120.8092 22.15783
120.8142 22.16033
120.8192 22.16283
120.8237 22.165
120.8275 22.167
120.8305 22.16933
120.8328 22.172
120.835 22.17467
120.8372 22.17767
120.8392 22.18117
120.841 22.18467
120.8432 22.1875
120.8462 22.18983
120.8493 22.19283
120.8515 22.19617
120.853 22.19917
120.8547 22.20167
120.8573 22.20433
120.8613 22.207
120.8665 22.2095
120.8717 22.21167
120.8767 22.21417
120.8808 22.21767
120.8838 22.22267
120.8852 22.229
120.885 22.23617
120.8843 22.24333
120.8835 22.25
120.8832 22.25583
120.8827 22.26133
120.8822 22.26683
120.8815 22.27233
120.8808 22.27717
120.8802 22.28167
120.8797 22.28617
120.8795 22.291
120.88 22.29617
120.8803 22.30167
120.8805 22.3075
120.8807 22.3135
120.881 22.3195
120.8815 22.3255
120.8818 22.33117
120.882 22.33667
120.8813 22.3415
120.8805 22.346
120.8798 22.35017
120.8797 22.354
120.8798 22.35783
120.8802 22.36117
120.881 22.36467
120.8832 22.3685
120.8872 22.37233
120.8927 22.37583
120.898 22.37933
120.9007 22.38317
120.9005 22.38783
120.9007 22.39233
120.9032 22.39517
120.9068 22.39667
120.9097 22.39867
120.9113 22.402
120.9127 22.4065
120.9143 22.4115
120.9165 22.41683
120.919 22.42267
120.9217 22.42917
120.9245 22.43583
120.9268 22.44167
120.9288 22.44667
120.9308 22.45133
120.933 22.45583
120.9342 22.46017
120.9333 22.46367
120.9307 22.46583
120.9272 22.4665
120.9228 22.4665
120.9188 22.46667
120.916 22.467
120.9147 22.46783
120.9155 22.46933
120.9182 22.47117
120.9225 22.4725
120.9277 22.4735
120.9327 22.47433
120.9367 22.47583
120.9393 22.47883
120.9412 22.48317
120.9428 22.48833
120.9442 22.494
120.9455 22.4995
120.947 22.50483
120.9487 22.50983
120.9505 22.51517
120.9522 22.51983
120.9537 22.52383
120.9548 22.52717
120.9547 22.53017
120.9527 22.53233
120.9497 22.53367
120.9465 22.5345
120.9437 22.5355
120.9418 22.53667
120.9412 22.538
120.942 22.5395
120.9442 22.54083
120.9473 22.542
120.9515 22.543
120.9562 22.544
120.9603 22.5465
120.9632 22.55083
120.9652 22.55567
120.9672 22.56033
120.9695 22.565
120.9725 22.5695
120.9755 22.57333
120.978 22.5765
120.9795 22.57967
120.98 22.58383
120.9795 22.58833
120.978 22.59167
120.9762 22.59417
120.975 22.59617
120.9748 22.59783
120.976 22.599
120.9787 22.59967
120.9827 22.59983
120.9873 22.59983
120.9923 22.59967
120.997 22.60067
121.0002 22.604
121.0015 22.61017
121.0022 22.61767
121.0035 22.626
121.0052 22.63467
121.0073 22.642
121.0093 22.6485
121.0115 22.65417
121.014 22.65783
121.0168 22.66117
121.0195 22.66517
121.022 22.66933
121.0235 22.67533
121.0243 22.68317
121.024 22.6905
121.0228 22.69667
121.0207 22.7015
121.018 22.70483
121.015 22.707
121.0127 22.70867
121.0115 22.7105
121.0113 22.71217
121.0122 22.714
121.014 22.71567
121.0167 22.7175
121.0197 22.71933
121.0227 22.72133
121.0257 22.72333
121.0287 22.72567
121.0318 22.72833
121.035 22.731
121.038 22.73383
121.0407 22.73667
121.043 22.73933
121.0445 22.74167
121.0448 22.74383
121.044 22.74567
121.0425 22.7475
121.0402 22.74917
121.0372 22.75067
121.0342 22.752
121.0317 22.75317
121.0297 22.75417
121.028 22.75533
121.0272 22.7565
121.0275 22.75817
121.029 22.76
121.031 22.76183
121.0337 22.76383
121.0367 22.7655
121.0395 22.76767
121.0422 22.77
121.0447 22.77283
121.0468 22.77633
121.0483 22.78017
121.049 22.784
121.049 22.78733
121.0483 22.79033
121.047 22.79283
121.0455 22.79467
121.0438 22.79617
121.0423 22.79767
121.0408 22.79883
121.0395 22.80033
121.0395 22.8025
121.0413 22.80583
121.0447 22.80967
121.0487 22.81367
121.0532 22.81783
121.0577 22.82267
121.0615 22.82767
121.0642 22.833
121.0657 22.8385
121.0665 22.84417
121.067 22.8495
121.0677 22.854
121.0687 22.85783
121.0705 22.86117
121.073 22.86417
121.0763 22.86733
121.0802 22.87067
121.0838 22.87467
121.0863 22.87883
121.0875 22.88283
121.0875 22.8865
121.0858 22.88967
121.0832 22.8925
121.08 22.895
121.0773 22.89733
121.0753 22.8995
121.0738 22.9015
121.073 22.90417
121.0727 22.9085
121.0747 22.91367
121.08 22.91783
121.0882 22.92117
121.0962 22.9255
121.1013 22.93267
121.104 22.94317
121.1062 22.95517
121.1085 22.966
121.1112 22.97433
121.1142 22.98067
121.1175 22.98617
121.121 22.9915
121.1247 22.99683
121.128 23.00267
121.1303 23.00917
121.132 23.016
121.1338 23.02217
121.1363 23.028
121.1395 23.03333
121.1422 23.03917
121.144 23.04567
121.1458 23.05233
121.1485 23.05933
121.1517 23.06783
121.1547 23.07733
121.1573 23.0865
121.1597 23.09433
121.1622 23.10117
121.165 23.108
121.168 23.1155
121.1718 23.12233
121.1768 23.12717
121.1832 23.12983
121.1897 23.13183
121.1942 23.13433
121.1958 23.138
121.196 23.14183
121.1968 23.14483
121.1992 23.1465
121.2023 23.14767
121.206 23.14883
121.2095 23.15083
121.2133 23.15383
121.217 23.15767
121.221 23.162
121.225 23.166
121.2283 23.16983
121.2302 23.17367
121.2308 23.178
121.2315 23.18267
121.2328 23.18767
121.2343 23.19283
121.2358 23.198
121.2373 23.203
121.239 23.208
121.2408 23.213
121.243 23.2175
121.2457 23.222
121.2483 23.226
121.2512 23.22983
121.2537 23.23333
121.2553 23.23667
121.2555 23.24
121.2543 23.243
121.2532 23.24583
121.2527 23.2485
121.253 23.25117
121.2545 23.2545
121.2572 23.2585
121.2605 23.26267
121.2632 23.26717
121.2648 23.272
121.2657 23.2775
121.2657 23.284
121.2652 23.29067
121.2638 23.296
121.2622 23.2995
121.2607 23.30183
121.2608 23.30417
121.263 23.30667
121.2668 23.30967
121.2708 23.31283
121.274 23.31617
121.2763 23.31983
121.279 23.32467
121.2818 23.33033
121.2842 23.33633
121.2857 23.34183
121.2858 23.34633
121.2848 23.34983
121.2835 23.35283
121.2827 23.3555
121.2835 23.358
121.286 23.36033
121.2903 23.36333
121.2948 23.3675
121.2978 23.37317
121.2983 23.379
121.2975 23.3845
121.2965 23.38933
121.2965 23.39367
121.2978 23.398
121.3002 23.40333
121.3027 23.40983
121.3052 23.41667
121.3075 23.42317
121.3098 23.42867
121.3123 23.43367
121.3145 23.43817
121.3163 23.4425
121.3185 23.4475
121.3213 23.45433
121.3238 23.4625
121.3258 23.471
121.3268 23.478
121.3262 23.48267
121.324 23.4855
121.3207 23.48767
121.317 23.48933
121.3138 23.491
121.3117 23.493
121.3115 23.4955
121.3138 23.4985
121.3182 23.50133
121.3232 23.50367
121.3275 23.5065
121.3317 23.51017
121.3355 23.51433
121.339 23.51883
121.342 23.5235
121.345 23.528
121.3477 23.5325
121.3502 23.537
121.3522 23.54183
121.3535 23.547
121.3537 23.55267
121.3528 23.55867
121.3512 23.564
121.3488 23.56817
121.3465 23.57133
121.3443 23.57383
121.3425 23.5765
121.3412 23.57933
121.34 23.58233
121.3387 23.5855
121.3383 23.58917
121.3397 23.5925
121.3432 23.59517
121.3475 23.5975
121.3515 23.60083
121.3545 23.60683
121.3572 23.61517
121.3597 23.62433
121.3613 23.632
121.361 23.63717
121.3592 23.64017
121.3572 23.6425
121.3572 23.64533
121.3595 23.64833
121.3628 23.6505
121.3663 23.65233
121.3695 23.65467
121.3723 23.65783
121.3752 23.66167
121.3777 23.66583
121.38 23.67033
121.3817 23.6755
121.3825 23.681
121.3823 23.68567
121.3803 23.68883
121.3762 23.69067
121.3705 23.692
121.3652 23.693
121.3613 23.694
121.3592 23.69517
121.3578 23.697
121.3577 23.69967
121.359 23.7025
121.362 23.70533
121.3663 23.70817
121.3718 23.711
121.3775 23.71367
121.3832 23.71617
121.3885 23.7185
121.3935 23.72117
121.3978 23.7245
121.4012 23.729
121.403 23.734
121.4032 23.73817
121.4017 23.741
121.3998 23.74267
121.3982 23.74433
121.3973 23.747
121.398 23.75067
121.4002 23.75417
121.4032 23.75733
121.4057 23.7605
121.407 23.76383
121.4073 23.768
121.4072 23.773
121.4067 23.77867
121.406 23.7835
121.4052 23.7875
121.4047 23.79183
121.4045 23.79683
121.4043 23.80167
121.4042 23.806
121.4038 23.81117
121.4038 23.8175
121.4052 23.823
121.4083 23.82683
121.4125 23.8295
121.4172 23.8315
121.4218 23.833
121.4258 23.83417
121.4293 23.8355
121.4328 23.83733
121.436 23.8405
121.4385 23.8445
121.4408 23.84933
121.4433 23.8545
121.4458 23.85933
121.4488 23.8635
121.452 23.86783
121.455 23.87183
121.4585 23.87467
121.4635 23.8765
121.4727 23.878
121.4892 23.8805
121.5063 23.88483
121.5167 23.89117
121.521 23.90033
121.5203 23.9095
121.5165 23.91583
121.5113 23.92
121.5057 23.923
121.501 23.92533
121.4978 23.92683
121.4945 23.928
121.49 23.92967
121.4845 23.93117
121.479 23.93267
121.4748 23.93517
121.4735 23.93867
121.4755 23.9425
121.4805 23.94567
121.4872 23.94733
121.4945 23.94867
121.502 23.95017
121.5118 23.954
121.5275 23.96233
121.5457 23.9735
121.5582 23.983
121.5648 23.99
121.5705 23.99633
121.5775 24.004
121.5855 24.01367
121.5917 24.02283
121.5957 24.03017
121.5993 24.0375
121.6033 24.047
121.6047 24.059
121.604 24.07467
121.6065 24.09033
121.6127 24.10217
121.6185 24.11017
121.6207 24.11367
121.622 24.12133
121.623 24.1345
121.6215 24.13867
121.6192 24.14017
121.6168 24.14183
121.6147 24.14333
121.613 24.14517
121.613 24.14783
121.6157 24.15083
121.6202 24.15367
121.6258 24.15783
121.6327 24.16683
121.6405 24.1855
121.6482 24.2095
121.657 24.227
121.6687 24.23633
121.6807 24.24267
121.6892 24.2475
121.692 24.25067
121.6898 24.25233
121.6855 24.25433
121.6817 24.25667
121.6785 24.25867
121.676 24.26067
121.6742 24.26317
121.6727 24.26683
121.6718 24.2705
121.6728 24.27367
121.6783 24.27533
121.6885 24.27467
121.6995 24.27283
121.7082 24.27183
121.7148 24.27167
121.7212 24.27217
121.727 24.27367
121.7312 24.27617
121.7328 24.27767
121.863 24.593 >
121.867 24.586
121.867 24.580
121.863 24.580
121.863 24.573
121.863 24.566
121.863 24.560
121.863 24.553
121.867 24.546
121.863 24.540
121.863 24.533
121.858 24.533
121.854 24.533
121.850 24.526
121.846 24.526
121.842 24.526
121.838 24.526
121.833 24.520
121.833 24.513
121.829 24.506
121.833 24.500
121.838 24.500
121.842 24.493
121.846 24.486
121.850 24.486
121.854 24.480
121.850 24.480
121.846 24.480
121.842 24.480
121.838 24.480
121.833 24.480
121.829 24.473
121.825 24.473
121.821 24.466
121.817 24.466
121.817 24.460
121.813 24.453
121.808 24.453
121.804 24.446
121.800 24.446
121.796 24.440
121.792 24.433
121.787 24.426
121.783 24.420
121.783 24.413
121.783 24.406
121.783 24.406
121.779 24.393
121.779 24.386
121.779 24.380
121.779 24.373
121.775 24.366
121.771 24.360
121.767 24.353
121.767 24.346
121.762 24.340
121.762 24.333
121.762 24.326
121.762 24.320
121.762 24.313
121.762 24.306
121.758 24.306
121.754 24.306
121.750 24.300
121.746 24.293
121.742 24.286
121.738 24.280
121.738 24.273
121.738 24.266
121.733 24.260
121.729 24.260
121.725 24.253
121.5913 24.64533 > central ridge north side
121.5948 24.64683
121.6013 24.64933
121.609 24.65167
121.6152 24.65433
121.6215 24.6565
121.6265 24.65783
121.6323 24.65883
121.6388 24.65967
121.6443 24.662
121.6473 24.665
121.6525 24.66667
121.661 24.66733
121.6722 24.66783
121.6812 24.66867
121.6877 24.6695
121.6925 24.67
121.6968 24.66933
121.7015 24.66833
121.7057 24.66733
121.709 24.66533
121.71 24.66283
121.7093 24.6595
121.7068 24.65683
121.7033 24.65417
121.7002 24.65017
121.6975 24.64617
121.6957 24.6425
121.6942 24.63917
121.6932 24.63517
121.6945 24.63133
121.6972 24.629
121.7002 24.62783
121.7033 24.62683
121.707 24.62683
121.7108 24.62783
121.7138 24.63067
121.7163 24.6345
121.7188 24.6385
121.7233 24.64183
121.7278 24.644
121.7318 24.6445
121.7345 24.64317
121.7357 24.64
121.7353 24.636
121.7343 24.63283
121.7345 24.63033
121.7355 24.628
121.7373 24.62567
121.7403 24.62383
121.7467 24.62317
121.755 24.62267
121.764 24.622
121.7742 24.621
121.7855 24.6195
121.7943 24.61833
121.799 24.617
121.8032 24.616
121.8087 24.61483
121.8137 24.614
121.817 24.613
121.8193 24.61167
121.8213 24.609
121.8223 24.605
121.8235 24.599
121.8262 24.59317
121.8293 24.58883
121.8325 24.58617
121.8348 24.58533
121.8378 24.58767
121.8405 24.59167
121.841 24.597
121.8378 24.6005
121.8353 24.60383
121.835 24.60933
121.8375 24.61567
121.8392 24.61967
121.8403 24.62233
121.8418 24.62383
121.8447 24.62567
121.847 24.62717
121.8473 24.62717
