121.5095 23.60067 > coast ridge
121.51 23.60267
121.511 23.60717
121.5125 23.614
121.5147 23.62433
121.518 23.63717
121.5228 23.6515
121.5292 23.66667
121.535 23.68017
121.5382 23.69067
121.5392 23.6995
121.54 23.70983
121.5415 23.72033
121.5443 23.73017
121.5482 23.73983
121.5522 23.75
121.5553 23.75983
121.5587 23.76783
121.5607 23.77667
121.5613 23.7875
121.5618 23.79983
121.564 23.8105
121.5675 23.81983
121.5715 23.83
121.5752 23.84
121.5797 23.84933
121.5843 23.85767
121.5887 23.86617
121.5915 23.87467
121.5932 23.88367
121.594 23.89167
121.593 23.89783
121.5887 23.90167
121.582 23.90233
121.575 23.8995
121.568 23.8945
121.5605 23.8885
121.5527 23.88183
121.5453 23.875
121.539 23.86817
121.5325 23.85967
121.5257 23.84983
121.5198 23.84033
121.5157 23.833
121.5122 23.8265
121.5078 23.82017
121.5037 23.814
121.4998 23.8085
121.496 23.8035
121.4918 23.79833
121.4878 23.79333
121.4845 23.78817
121.4813 23.78333
121.4778 23.7785
121.4747 23.77317
121.4713 23.76783
121.4682 23.76183
121.4647 23.75483
121.4608 23.7475
121.4567 23.741
121.4525 23.735
121.448 23.72783
121.4435 23.72017
121.4395 23.71267
121.4362 23.706
121.4327 23.69983
121.4295 23.69383
121.4263 23.688
121.424 23.68217
121.4218 23.6755
121.4192 23.6685
121.4155 23.6615
121.4117 23.65433
121.408 23.64733
121.4047 23.641
121.4015 23.63433
121.3987 23.62667
121.396 23.619
121.3935 23.6125
121.391 23.607
121.3885 23.6015
121.3858 23.59567
121.3833 23.58933
121.3815 23.58233
121.3802 23.575
121.3792 23.567
121.3783 23.5585
121.3773 23.54933
121.377 23.5395
121.377 23.5285
121.3772 23.51717
121.3775 23.50683
121.3778 23.49917
121.3775 23.49333
121.3762 23.48867
121.3743 23.48283
121.3722 23.47617
121.3698 23.46917
121.3677 23.46183
121.3663 23.454
121.3663 23.44633
121.367 23.43933
121.3662 23.43367
121.3637 23.42933
121.3605 23.4255
121.358 23.421
121.356 23.41483
121.3542 23.40733
121.3527 23.39967
121.3512 23.393
121.3487 23.38667
121.3453 23.37983
121.3417 23.372
121.3385 23.3635
121.3363 23.355
121.335 23.34683
121.3347 23.33917
121.3353 23.33233
121.3363 23.32617
121.3367 23.32117
121.3352 23.31667
121.3318 23.31283
121.3275 23.30933
121.323 23.30567
121.319 23.30167
121.3157 23.29717
121.313 23.29217
121.3105 23.287
121.3078 23.28217
121.3047 23.27767
121.3012 23.2735
121.2975 23.26933
121.2932 23.265
121.2882 23.26083
121.2833 23.25683
121.2797 23.253
121.2775 23.2485
121.2768 23.2435
121.2777 23.239
121.2793 23.235
121.28 23.2315
121.2783 23.22867
121.275 23.22667
121.2718 23.22433
121.2695 23.22083
121.2675 23.2165
121.2652 23.212
121.262 23.20833
121.2583 23.20483
121.2552 23.201
121.2523 23.196
121.25 23.19017
121.2482 23.1835
121.2463 23.17617
121.244 23.16917
121.241 23.1635
121.2373 23.15917
121.2338 23.15533
121.2307 23.1505
121.2282 23.14383
121.2258 23.13617
121.2237 23.12883
121.2218 23.12267
121.2203 23.11617
121.219 23.10917
121.2178 23.10183
121.2167 23.095
121.2157 23.0885
121.2147 23.0825
121.2135 23.077
121.2122 23.07233
121.2102 23.06783
121.2068 23.0635
121.2017 23.05933
121.1947 23.05567
121.1877 23.05233
121.1815 23.049
121.177 23.0455
121.1732 23.0415
121.17 23.03717
121.167 23.03183
121.1645 23.02533
121.1628 23.01733
121.1632 23.00883
121.1653 23.00083
121.1683 22.99367
121.1708 22.98667
121.172 22.97967
121.172 22.97283
121.1705 22.96667
121.1678 22.961
121.1645 22.956
121.1608 22.95167
121.1573 22.94783
121.1542 22.944
121.1517 22.93967
121.1495 22.935
121.148 22.93
121.1467 22.925
121.1458 22.91967
121.1457 22.91417
121.1463 22.90883
121.1473 22.90433
121.1485 22.89983
121.1498 22.89483
121.1518 22.88933
121.1537 22.884
121.1537 22.8795
121.1518 22.87567
121.1493 22.87217
121.1468 22.869
121.1442 22.8655
121.1412 22.86167
121.1385 22.85767
121.1362 22.854
121.1343 22.85067
121.1328 22.84733
121.1317 22.84367
121.1312 22.83983
121.1315 22.836
121.1328 22.83167
121.1347 22.82717
121.137 22.82283
121.1395 22.81883
121.1422 22.81483
121.1453 22.81133
121.1492 22.8085
121.1537 22.807
121.1588 22.807
121.164 22.80833
121.1685 22.81033
121.1718 22.81283
121.1743 22.81583
121.1758 22.81933
121.1765 22.823
121.1762 22.8275
121.1758 22.833
121.176 22.83883
121.177 22.84433
121.1787 22.84933
121.1807 22.85367
121.183 22.858
121.1857 22.86233
121.1882 22.8665
121.1907 22.87033
121.193 22.87367
121.1957 22.87667
121.1988 22.87933
121.2025 22.88183
121.2065 22.88433
121.2103 22.88683
121.214 22.8895
121.2173 22.89233
121.2203 22.8955
121.2228 22.8995
121.225 22.90467
121.2268 22.91083
121.229 22.91683
121.232 22.92217
121.2362 22.92667
121.2407 22.9305
121.2447 22.934
121.2483 22.9375
121.2522 22.9415
121.2568 22.94583
121.262 22.95033
121.2672 22.9545
121.2718 22.95817
121.2768 22.96183
121.2827 22.96633
121.2892 22.97167
121.2955 22.97867
121.3015 22.98767
121.3065 22.99783
121.3102 23.00817
121.3132 23.0175
121.3165 23.026
121.32 23.03417
121.324 23.04233
121.3287 23.051
121.3332 23.05983
121.337 23.0685
121.3402 23.07683
121.3433 23.08467
121.3472 23.0925
121.3512 23.10067
121.3555 23.10883
121.36 23.1165
121.3643 23.123
121.3675 23.128
121.3685 23.13167
121.3672 23.13417
121.3652 23.13583
121.3638 23.13783
121.3642 23.14017
121.3667 23.14267
121.3708 23.145
121.3752 23.1475
121.3773 23.15067
121.3773 23.1545
121.3755 23.15917
121.3733 23.16467
121.3718 23.17117
121.3722 23.1785
121.374 23.1855
121.3768 23.192
121.3798 23.19867
121.3825 23.20617
121.3848 23.214
121.3873 23.2215
121.3897 23.22867
121.3922 23.23683
121.395 23.2465
121.398 23.25733
121.4007 23.26817
121.4028 23.27817
121.4045 23.287
121.4063 23.29533
121.409 23.30367
121.4132 23.3115
121.4182 23.3185
121.4228 23.3245
121.4265 23.33033
121.4292 23.337
121.4312 23.3445
121.4328 23.35233
121.4352 23.35967
121.4382 23.36617
121.4417 23.37233
121.445 23.37967
121.4483 23.38917
121.4522 23.40033
121.4565 23.41083
121.4605 23.42
121.464 23.4285
121.4665 23.43717
121.4687 23.44633
121.4702 23.45483
121.4715 23.462
121.4728 23.46817
121.4742 23.47467
121.4753 23.48117
121.4762 23.48683
121.4768 23.4915
121.4777 23.49667
121.4785 23.5035
121.4798 23.512
121.4823 23.522
121.4858 23.533
121.4897 23.54417
121.4928 23.55483
121.4958 23.56467
121.4988 23.57383
121.5017 23.582
121.5043 23.58883
121.5067 23.5945
121.5088 23.5995
121.5103 23.60433
121.5117 23.61017
121.5135 23.61867
121.5162 23.63033
121.5202 23.64433
121.526 23.659
121.5323 23.67383
121.5363 23.68133
