120.8618 23.42433   > shueshan west side
120.8618 23.426
120.8618 23.42917
120.862 23.4325
120.8622 23.43717
120.8625 23.44217
120.8632 23.44733
120.864 23.4525
120.8655 23.45733
120.867 23.46183
120.8688 23.46633
120.8708 23.4705
120.873 23.4745
120.875 23.47833
120.8772 23.482
120.8793 23.48567
120.8817 23.489
120.8843 23.49217
120.8875 23.49533
120.8908 23.49867
120.8938 23.50217
120.8967 23.50617
120.8992 23.51083
120.9008 23.5165
120.9022 23.52267
120.9032 23.529
120.9042 23.53533
120.9048 23.5415
120.9052 23.54733
120.9052 23.55267
120.9048 23.558
120.904 23.56367
120.903 23.5695
120.9017 23.5755
120.9 23.58133
120.8978 23.587
120.8952 23.59183
120.892 23.59583
120.8887 23.59933
120.8852 23.602
120.882 23.60433
120.8792 23.6065
120.8768 23.60867
120.8748 23.61083
120.8733 23.61317
120.8718 23.61583
120.8705 23.61883
120.8695 23.62233
120.8685 23.626
120.8677 23.62983
120.8668 23.63383
120.8662 23.63717
120.8657 23.64067
120.8667 23.64517
120.8687 23.64967
120.8703 23.653
120.8705 23.6555
120.8705 23.659
120.8698 23.66317
120.8682 23.66717
120.8662 23.67117
120.864 23.67567
120.862 23.68033
120.8602 23.68517
120.8582 23.68983
120.8565 23.6945
120.8548 23.69933
120.8533 23.70417
120.8517 23.7095
120.8502 23.715
120.849 23.72067
120.848 23.72633
120.8473 23.73133
120.8473 23.736
120.8478 23.74033
120.8485 23.74433
120.8495 23.7485
120.8503 23.7525
120.8512 23.75633
120.8518 23.76
120.8525 23.76333
120.8532 23.76667
120.854 23.76983
120.8548 23.773
120.8557 23.77633
120.8568 23.78
120.858 23.78367
120.8593 23.78733
120.8608 23.79067
120.8622 23.794
120.8632 23.79733
120.8638 23.80067
120.8638 23.80483
120.8635 23.8105
120.8628 23.81733
120.862 23.825
120.8613 23.83333
120.861 23.84133
120.8607 23.8485
120.8603 23.855
120.86 23.862
120.8598 23.86967
120.8595 23.878
120.8593 23.88717
120.859 23.8965
120.8588 23.9055
120.8587 23.91317
120.8587 23.9195
120.8588 23.925
120.8588 23.9295
120.8588 23.93367
120.8585 23.9385
120.858 23.94433
120.8578 23.94983
120.8577 23.955
120.8577 23.96033
120.8575 23.96583
120.8573 23.97133
120.8573 23.976
120.8575 23.98017
120.8577 23.984
120.8577 23.98833
120.8577 23.99283
120.8577 23.9975
120.8578 24.00167
120.8582 24.00617
120.8587 24.01117
120.859 24.016
120.8592 24.0205
120.8593 24.02483
120.8592 24.02933
120.859 24.03317
120.8592 24.03683
120.8595 24.041
120.8595 24.046
120.8593 24.05183
120.8592 24.058
120.8595 24.06483
120.86 24.07183
120.8607 24.07867
120.8615 24.08467
120.8627 24.08917
120.8645 24.09283
120.8663 24.0965
120.8673 24.10033
120.8678 24.10433
120.868 24.10883
120.8685 24.11383
120.8693 24.11817
120.8707 24.122
120.8718 24.12567
120.8727 24.12983
120.8735 24.13433
120.8745 24.13933
120.8755 24.145
120.8767 24.1515
120.8783 24.15817
120.8797 24.16417
120.8807 24.16817
120.8815 24.17117
120.8825 24.17333
120.8842 24.17517
120.8863 24.177
120.8887 24.17917
120.8908 24.18117
120.8925 24.18267
120.894 24.18417
120.8955 24.18567
120.897 24.18767
120.8987 24.19
120.901 24.19283
120.9037 24.19583
120.9065 24.19933
120.9093 24.2025
120.9125 24.2055
120.9152 24.20867
120.9175 24.21283
120.9197 24.217
120.922 24.22083
120.9242 24.224
120.9258 24.22717
120.9277 24.23083
120.9295 24.23467
120.9312 24.23883
120.9325 24.24267
120.9338 24.24633
120.9353 24.25017
120.937 24.25467
120.9387 24.25917
120.9402 24.2635
120.9417 24.26783
120.9433 24.272
120.9452 24.27633
120.9477 24.28
120.9498 24.283
120.9515 24.28583
120.9528 24.28883
120.9542 24.292
120.956 24.2955
120.9577 24.2985
120.9588 24.3015
120.9595 24.3045
120.9602 24.308
120.9603 24.31183
120.9605 24.31533
120.9605 24.3185
120.9605 24.3215
120.9608 24.325
120.9613 24.32883
120.9618 24.33233
120.9622 24.33517
120.9627 24.3375
120.9628 24.33983
120.9628 24.34183
120.9628 24.34417
120.9628 24.34683
120.9632 24.35
120.9635 24.354
120.9642 24.3585
120.9648 24.36317
120.9657 24.3675
120.9665 24.37167
120.9675 24.37533
120.9683 24.37883
120.9693 24.382
120.9703 24.385
120.9715 24.38767
120.9727 24.3905
120.974 24.39483
120.9757 24.40033
120.9782 24.4055
120.9822 24.40967
120.988 24.4135
120.9943 24.41783
121.0003 24.42267
121.0052 24.4275
121.0092 24.4315
121.0123 24.43433
121.0145 24.437
121.016 24.43967
121.0173 24.4435
121.0185 24.4485
121.0197 24.454
121.0212 24.45933
121.0232 24.46483
121.0258 24.4705
121.029 24.47567
121.0323 24.48017
121.0355 24.4845
121.0378 24.48817
121.0393 24.49133
121.0403 24.4945
121.0417 24.49783
121.0437 24.501
121.0462 24.50433
121.0497 24.50883
121.0543 24.51483
121.0602 24.52183
121.0657 24.529
121.0703 24.535
121.0745 24.53933
121.0785 24.5425
121.0828 24.54533
121.0875 24.549
121.0925 24.55333
121.0973 24.55867
121.1013 24.56433
121.1043 24.569
121.1067 24.5725
121.1087 24.576
121.1105 24.57917
121.112 24.58167
121.1133 24.584
121.1145 24.58683
121.116 24.58983
121.1175 24.59317
121.1188 24.5965
121.1198 24.60033
121.121 24.60433
121.1225 24.6075
121.1243 24.61
121.1263 24.61267
121.1288 24.6155
121.1317 24.61883
121.1343 24.62267
121.1367 24.62633
121.1387 24.62933
121.1398 24.63183
121.1405 24.634
121.1415 24.63617
121.1427 24.63867
121.1445 24.64133
121.1473 24.64417
121.1503 24.64667
121.153 24.649
121.1557 24.651
121.1582 24.65317
121.161 24.65533
121.1635 24.65783
121.1663 24.66017
121.1683 24.66183
121.17 24.66333
121.1713 24.66517
121.1732 24.6675
121.1755 24.67
121.1777 24.673
121.1805 24.6755
121.1842 24.67683
121.1883 24.677
121.1913 24.677
121.1933 24.67717
121.1975 24.67767
121.205 24.678
121.215 24.678
121.2243 24.67817
121.2325 24.6785
121.2395 24.6795
121.2453 24.68083
121.2497 24.6825
121.2528 24.68483
121.2557 24.68717
121.2587 24.68983
121.2618 24.69233
121.265 24.69483
121.2683 24.69717
121.2715 24.6995
121.2747 24.70183
121.2778 24.70417
121.2812 24.7065
121.2847 24.70917
121.2882 24.712
121.2917 24.71483
121.2953 24.71783
121.2992 24.72083
121.3032 24.72383
121.307 24.72683
121.3107 24.72983
121.314 24.73283
121.3168 24.73583
121.3192 24.73867
121.3212 24.7415
121.3232 24.745
121.3253 24.7495
121.328 24.75417
121.3305 24.7585
121.333 24.7625
121.3352 24.7665
121.3375 24.771
121.3402 24.77617
121.3432 24.78117
121.3457 24.78517
121.3487 24.78833
121.3523 24.79067
121.3565 24.79217
121.3608 24.793
121.3653 24.7935
121.3703 24.794
121.3748 24.79417
121.3785 24.79433
121.3822 24.79483
121.3863 24.79533
121.3902 24.79617
121.3937 24.79717
121.397 24.79817
121.4003 24.79933
121.4038 24.80067
121.4075 24.802
121.4108 24.80333
121.4142 24.80467
121.4172 24.806
121.42 24.80733
121.4227 24.8085
121.425 24.80967
121.4275 24.81117
121.4298 24.81283
121.4323 24.8145
121.4348 24.81633
121.4373 24.81817
121.4403 24.81983
121.444 24.8215
121.4478 24.82333
121.4518 24.82517
121.456 24.827
121.46 24.82883
121.4632 24.83067
121.466 24.83283
121.4685 24.83483
121.4702 24.8365
121.4715 24.83817
121.4735 24.8405
121.4762 24.84333
121.4788 24.84617
121.4807 24.84867
121.4822 24.85117
121.4835 24.854
121.4853 24.85667
121.4875 24.859
121.4905 24.861
121.4937 24.86283
121.4968 24.86517
121.4995 24.86883
121.5022 24.87383
121.5052 24.87883
121.5087 24.88317
121.5117 24.88683
121.514 24.891
121.516 24.89583
121.5175 24.9005
121.5183 24.9045
121.5195 24.90817
121.5218 24.912
121.5257 24.91617
121.5293 24.92033
121.5315 24.924
121.5332 24.92667
121.5358 24.92867
121.54 24.9305
121.5453 24.93233
121.5508 24.93417
121.5558 24.93567
121.5598 24.93717
121.5637 24.93883
121.5692 24.94017
121.5755 24.94117
121.5812 24.94183
121.5867 24.942
121.5937 24.94183
121.6028 24.9435
121.611 24.94717
121.6175 24.9505
121.6233 24.95267
121.6292 24.95433
121.6343 24.956
121.6387 24.957
121.6428 24.9575
121.647 24.95817
121.651 24.95933
121.6553 24.96033
121.6603 24.96117
121.6658 24.96217
121.6718 24.96383
121.679 24.9655
121.6872 24.96733
121.6952 24.96983
121.7033 24.97233
121.7115 24.97383
121.719 24.97517
121.726 24.977
121.7327 24.97967
121.7393 24.98233
121.7458 24.985
121.7513 24.98833
121.7563 24.99283
121.7608 24.998
121.765 25.00333
121.7685 25.00783
121.772 25.01133
121.7762 25.014
121.7813 25.01617
121.787 25.01833
121.7925 25.021
121.798 25.02383
121.804 25.02633
121.8112 25.02833
121.8193 25.0295
121.8258 25.02933
121.8298 25.02783
121.8327 25.026
121.8352 25.02367
121.838 25.02133
121.841 25.0195
121.845 25.0185
121.8493 25.01833
121.8532 25.01867
121.857 25.01883
121.8625 25.01867
121.871 25.018
121.8817 25.01717
121.893 25.0165
121.9037 25.0155
121.9142 25.01433
121.9233 25.01283
121.93 25.011
121.9345 25.00917
121.9378 25.008
121.941 25.008
121.944 25.01017
121.9472 25.01417
121.9497 25.0185
121.9512 25.02133
121.9513 25.022
120.6458 23.01967 > line between sheshan and central
120.6468 23.02333
120.6477 23.02983
120.6483 23.03617
120.6492 23.0425
120.65 23.04883
120.651 23.05433
120.6523 23.059
120.6552 23.064
120.6578 23.06833
120.6605 23.0735
120.662 23.08033
120.6643 23.0875
120.668 23.09583
120.6727 23.104
120.6773 23.11067
120.6822 23.1155
120.6882 23.11917
120.6942 23.1215
120.6995 23.12317
120.704 23.12417
120.7088 23.125
120.7147 23.12583
120.7208 23.12767
120.7263 23.12967
120.7303 23.132
120.734 23.13367
120.7382 23.136
120.7438 23.13917
120.749 23.14317
120.7535 23.147
120.7565 23.151
120.759 23.15433
120.7612 23.158
120.7627 23.162
120.7638 23.16583
120.7655 23.16967
120.7673 23.17433
120.7685 23.18033
120.7692 23.1865
120.771 23.193
120.7733 23.20017
120.7757 23.2065
120.7775 23.2105
120.7798 23.215
120.7828 23.219
120.7853 23.22267
120.7885 23.22533
120.7923 23.22783
120.7972 23.23133
120.8017 23.23533
120.804 23.239
120.8055 23.24283
120.807 23.24667
120.8083 23.25
120.81 23.254
120.8115 23.258
120.8125 23.262
120.8137 23.266
120.8148 23.26983
120.8157 23.2735
120.8167 23.27817
120.8168 23.283
120.8162 23.288
120.8153 23.29267
120.8148 23.298
120.8143 23.3035
120.8133 23.30833
120.812 23.313
120.8115 23.31717
120.8113 23.321
120.8113 23.32483
120.8115 23.329
120.812 23.33417
120.8132 23.33867
120.8143 23.34367
120.8162 23.34883
120.8172 23.353
120.8178 23.35733
120.8185 23.36233
120.82 23.36817
120.8218 23.37417
120.8243 23.38033
120.8272 23.386
120.829 23.39083
120.8308 23.39517
120.8328 23.3985
120.8352 23.4015
120.838 23.40367
120.8408 23.40583
120.8433 23.40867
120.8457 23.41183
120.848 23.41433
120.8505 23.41667
120.8537 23.4185
120.8578 23.42
120.8613 23.4215
120.8628 23.42083
120.8625 23.41817
120.8613 23.41033
120.86 23.40233
120.8588 23.3945
120.8578 23.38883
120.8572 23.384
120.8572 23.37817
120.8563 23.37317
120.8552 23.36817
120.8537 23.36333
120.8523 23.35817
120.8513 23.35333
120.8505 23.34767
120.8495 23.34133
120.8482 23.33533
120.8477 23.332
120.848 23.32933
120.8495 23.32667
120.8513 23.323
120.853 23.31867
120.8543 23.31383
120.8553 23.30883
120.8565 23.30433
120.8588 23.301
120.8613 23.29767
120.8653 23.29667
120.869 23.29883
120.8725 23.30267
120.8742 23.306
120.8767 23.30917
120.8798 23.31267
120.8838 23.31617
120.8885 23.31917
120.8928 23.32217
120.8965 23.325
120.8998 23.32867
120.9037 23.33283
120.9067 23.33767
120.909 23.34383
120.9107 23.35017
120.913 23.35483
120.9153 23.35933
120.918 23.36333
120.9207 23.3675
120.9237 23.37067
120.9263 23.37383
120.9292 23.37717
120.932 23.38017
120.9343 23.3835
120.937 23.38717
120.94 23.3905
120.9425 23.39433
120.9448 23.39917
120.9475 23.405
120.9505 23.41167
120.9532 23.41883
120.9555 23.4255
120.9577 23.432
120.9593 23.43817
120.9602 23.44217
120.9613 23.4475
120.963 23.45483
120.9648 23.46217
120.9672 23.46917
120.9695 23.47617
120.9715 23.4835
120.9745 23.4905
120.9768 23.4985
120.978 23.50567
120.9802 23.51133
120.9828 23.516
120.9847 23.52067
120.9858 23.5255
120.9872 23.531
120.9888 23.53717
120.9905 23.54367
120.9915 23.55
120.991 23.55733
120.991 23.56517
120.9912 23.57383
120.9915 23.5815
120.9915 23.58667
120.9915 23.59267
120.9915 23.60067
120.9915 23.60917
120.9922 23.61517
120.9923 23.61983
120.9928 23.62667
120.9928 23.64
120.9928 23.64883
120.9928 23.652
120.9928 23.65583
120.9928 23.66
120.9928 23.665
120.9928 23.671
120.9928 23.6765
120.9928 23.6815
120.9928 23.6865
120.9928 23.69133
120.9928 23.69733
120.9928 23.70183
120.9928 23.7065
120.9928 23.71217
120.9928 23.71667
120.9928 23.72017
120.9928 23.724
120.9928 23.72833
120.9928 23.735
120.9928 23.73983
120.9928 23.743
120.9933 23.74583
120.994 23.74933
120.9945 23.7525
120.9952 23.7565
120.9952 23.761
120.996 23.76517
120.998 23.76983
120.999 23.77367
120.9998 23.77717
121.0007 23.78183
121.0013 23.78817
121.0022 23.79267
121.003 23.798
121.0045 23.80467
121.0057 23.81167
121.0072 23.817
121.0083 23.82083
121.0098 23.8265
121.0118 23.83067
121.0133 23.83633
121.0157 23.841
121.0187 23.8455
121.0198 23.8505
121.0213 23.85567
121.0222 23.86067
121.0233 23.86583
121.0248 23.87183
121.0265 23.87717
121.0283 23.8825
121.03 23.88767
121.0318 23.89417
121.0347 23.90317
121.0397 23.918
121.0457 23.934
121.0527 23.94967
121.059 23.96433
121.0637 23.976
121.0688 23.98917
121.0745 23.9995
121.08 24.00783
121.0845 24.0135
121.0898 24.0195
121.095 24.027
121.1002 24.0345
121.1048 24.04383
121.1083 24.05383
121.1115 24.06683
121.114 24.08133
121.116 24.094
121.1188 24.10567
121.1253 24.11583
121.1325 24.128
121.1392 24.14033
121.146 24.15517
121.1542 24.17267
121.161 24.19
121.1672 24.204
121.1713 24.21383
121.1757 24.22167
121.1788 24.2275
121.1823 24.2325
121.189 24.23733
121.1957 24.24283
121.2007 24.24817
121.2032 24.25117
121.2073 24.2565
121.2123 24.2635
121.2175 24.2695
121.222 24.27533
121.2273 24.28167
121.231 24.287
121.2345 24.29117
121.238 24.29533
121.2417 24.29967
121.2452 24.30333
121.2492 24.30667
121.2532 24.3115
121.2563 24.316
121.259 24.32183
121.2622 24.32767
121.2658 24.33283
121.269 24.33733
121.2732 24.34217
121.2775 24.34667
121.2807 24.35083
121.2842 24.3555
121.2895 24.36133
121.2958 24.367
121.3008 24.37333
121.306 24.38033
121.3103 24.3875
121.3143 24.39417
121.3163 24.39933
121.3157 24.40517
121.3128 24.40933
121.3097 24.411
121.3078 24.41317
121.3067 24.41567
121.3055 24.41817
121.3053 24.42017
121.3062 24.42367
121.3078 24.4265
121.3105 24.4305
121.3153 24.43633
121.3203 24.44367
121.3248 24.44933
121.3303 24.45367
121.3347 24.45767
121.3363 24.45717
121.3375 24.45317
121.3405 24.44983
121.3437 24.449
121.3468 24.45067
121.3485 24.4535
121.3503 24.45817
121.3543 24.46583
121.3593 24.47433
121.3635 24.48117
121.3682 24.4885
121.3737 24.4955
121.3775 24.50133
121.3812 24.505
121.3855 24.50833
121.3913 24.51267
121.3972 24.51783
121.4 24.52317
121.4033 24.529
121.4055 24.53583
121.406 24.54117
121.4075 24.54483
121.4098 24.549
121.4123 24.55517
121.4138 24.562
121.4158 24.56883
121.4185 24.57333
121.4227 24.57667
121.4283 24.57917
121.4345 24.5805
121.4427 24.58283
121.4517 24.58733
121.4625 24.59183
121.4727 24.59583
121.483 24.59867
121.4928 24.60183
121.5018 24.6055
121.5118 24.61117
121.5215 24.61567
121.533 24.62117
121.5437 24.62533
121.553 24.6295
121.5587 24.634
121.5628 24.6375
121.5697 24.64017
121.579 24.64167
121.588 24.644
121.5908 24.647
121.5873 24.64967
121.5818 24.65067
121.5793 24.65283
121.5775 24.6565
121.5772 24.6605
121.5805 24.66283
121.5877 24.665
121.5955 24.667
121.6015 24.6695
121.6077 24.6715
121.6152 24.67583
121.6235 24.68017
121.6317 24.6845
121.6368 24.68817
121.642 24.69233
121.6467 24.69667
121.6513 24.70033
121.6558 24.7035
121.6602 24.70667
121.664 24.71067
121.6678 24.71483
121.6713 24.71883
121.6742 24.723
121.6772 24.728
121.6798 24.73333
121.681 24.73883
121.68 24.743
121.6783 24.74617
121.677 24.74833
121.6752 24.75017
121.6728 24.75117
121.6717 24.7525
121.6712 24.75467
121.6705 24.75733
121.67 24.76
121.6717 24.76283
121.6767 24.76467
121.6835 24.76517
121.6908 24.7655
121.6975 24.76767
121.7012 24.772
121.7012 24.77717
121.6998 24.78
121.6968 24.78233
121.6933 24.78483
121.6917 24.78783
121.694 24.79
121.7003 24.79083
121.7067 24.7895
121.7125 24.79
121.716 24.79367
121.7183 24.79767
121.7228 24.79933
121.7283 24.80033
121.733 24.8025
121.736 24.80667
121.7385 24.8125
121.7415 24.81933
121.7448 24.82567
121.7492 24.83033
121.7547 24.83467
121.762 24.83867
121.7692 24.84233
121.775 24.84567
121.7802 24.84917
121.7848 24.85183
121.7903 24.85367
121.795 24.85517
121.799 24.8565
121.8033 24.85783
121.8088 24.8595
121.8155 24.86083
121.8215 24.86167
121.8252 24.86167
121.8262 24.86167
121.992 25.000 >
121.988 25.000
121.983 25.000
121.979 25.000
121.975 25.000
121.971 24.993
121.967 24.993
121.963 24.993
121.958 24.993
121.954 24.986
121.950 24.986
121.946 24.986
121.942 24.980
121.938 24.980
121.933 24.980
121.929 24.980
121.925 24.973
121.921 24.973
121.917 24.966
121.912 24.960
121.908 24.953
121.904 24.953
121.900 24.946
121.896 24.946
121.892 24.946
121.887 24.940
121.883 24.940
121.883 24.933
121.883 24.926
121.879 24.920
121.875 24.920
121.871 24.913
121.867 24.913
121.863 24.906
121.858 24.900
121.854 24.900
121.850 24.893
121.846 24.886
121.842 24.886
121.838 24.880
121.833 24.873
121.833 24.866
121.829 24.860
121.829 24.854
121.825 24.846
121.821 24.840
121.821 24.833
121.821 24.826
121.817 24.820
121.817 24.813
121.817 24.806
121.817 24.800
